109.321875 3.43071338135471
110.6883984375 3.11171392495309
112.054921875 2.82227106095369
113.4214453125 2.56327780871672
114.78796875 2.33554259298103
116.1544921875 2.13978357884951
117.521015625 1.9766235556305
118.8875390625 1.84658543695155
120.2540625 1.75008843756848
121.6205859375 1.68744497901434
122.987109375 1.65885836682442
124.3536328125 1.66442127172361
125.72015625 1.704115036091
127.0866796875 1.77780981546559
128.453203125 1.88526555308655
129.8197265625 2.0261337737356
131.18625 2.19996017173381
132.5527734375 2.40618795709336
133.919296875 2.6441619137733
135.2858203125 2.91313311494567
136.65234375 3.21226423232334
138.0188671875 3.5406353700733
139.385390625 3.89725034873945
140.7519140625 4.28104336098529
142.1184375 4.69088591885605
143.4849609375 5.12559401162672
144.851484375 5.58393539408658
146.2180078125 6.06463692721653
147.58453125 6.56639189652092
148.9510546875 7.08786723763427
150.317578125 7.62771060407484
151.6841015625 8.18455721798927
153.050625 8.75703645124943
154.4171484375 9.34377809115146
155.783671875 9.94341825205744
157.1501953125 10.5546049014573
158.51671875 11.1760029759683
159.8832421875 11.8062990696027
161.249765625 12.4442056831207
162.6162890625 13.0884650293415
163.9828125 13.7378523948608
165.3493359375 14.3911790636451
166.715859375 15.0472948124303
168.0823828125 15.7050899917095
169.44890625 16.3634972093655
170.8154296875 17.0214926366873
172.181953125 17.6780969586391
173.5484765625 18.3323759918437
174.915 18.9834409948527
176.2815234375 19.6304486959294
177.648046875 20.2726010638255
179.0145703125 20.9091448469314
180.38109375 21.5393709057669
181.7476171875 22.1626133631089
183.114140625 22.7782485951611
184.4806640625 23.3856940861089
185.8471875 23.984407167201
187.2137109375 24.5738836602033
188.580234375 25.153656443705
189.9467578125 25.7232939593527
191.31328125 26.282398673675
192.6798046875 26.8306055097497
194.046328125 27.367580261588
195.4128515625 27.8930180027671
196.779375 28.4066414995596
198.1458984375 28.9081996375806
199.512421875 29.3974658698224
200.8789453125 29.8742366928606
202.24546875 30.3383301570165
203.6119921875 30.7895844153294
204.978515625 31.227856315346
206.3450390625 31.653020036962
207.7115625 32.0649657788524
209.0780859375 32.4635984954023
210.444609375 32.8488366854929
211.8111328125 33.2206112340043
213.17765625 33.578864306467
214.5441796875 33.9235482969185
215.910703125 34.2546248287007
217.2772265625 34.5720638076608
218.64375 34.8758425269896
220.0102734375 35.1659448227438
221.376796875 35.4423602789503
222.7433203125 35.7050834810686
224.10984375 35.954113316504
225.4763671875 36.1894523208035
226.842890625 36.4111060681255
228.2094140625 36.6190826045647
229.5759375 36.8133919229112
230.9424609375 36.9940454774465
232.308984375 37.1610557374086
233.6755078125 37.3144357778092
235.04203125 37.4541989063392
236.4085546875 37.5803583251672
237.775078125 37.6929268265086
239.1416015625 37.7919165209253
240.508125000001 37.877338597402
241.874648437501 37.9492031143369
243.241171875 38.0075188206808
244.607695312501 38.0522930065568
245.974218750001 38.0835313827959
247.340742187501 38.1012379889257
248.707265625 38.1054151292585
250.0737890625 38.0960633368274
251.4403125 38.0731813650309
252.8068359375 38.0367662069516
254.173359375 37.9868131424261
255.5398828125 37.9233158130464
256.90640625 37.8462663253869
258.2729296875 37.7556553828508
259.639453125001 37.6514724466405
261.005976562501 37.5337059264557
262.372500000001 37.4023434016251
263.739023437501 37.2573718734769
265.105546875001 37.0987780498434
266.472070312501 36.9265486626897
267.838593750001 36.7406708199377
269.2051171875 36.5411323926356
270.571640625001 36.3279224386958
271.938164062501 36.101031664485
273.304687500001 35.8604529256041
274.671210937501 35.6061817682359
276.037734375001 35.3382170124692
277.404257812501 35.0565613790164
278.770781250001 34.7612221607427
280.137304687501 34.4522119403975
281.503828125001 34.1295493558935
282.870351562501 33.7932599144092
284.236875000001 33.4433768564898
285.603398437501 33.0799420711921
286.969921875001 32.7030070631543
288.3364453125 32.3126339722674
289.702968750001 31.908896646381
291.069492187501 31.4918817671822
292.436015625001 31.0616900290476
293.802539062501 30.6184373702688
295.169062500001 30.1622562555999
296.535585937501 29.6932970085573
297.902109375001 29.2117291913174
299.268632812501 28.7177430294061
300.635156250001 28.2115508776478
302.001679687501 27.6933887230373
303.368203125001 27.1635177193231
304.734726562501 26.6222257471309
306.101250000001 26.0698289924224
307.467773437501 25.5066735349771
308.834296875001 24.9331369373997
310.200820312501 24.3496298239103
311.567343750001 23.7565974368662
312.933867187501 23.1545211576089
314.300390625001 22.5439199768377
315.666914062501 21.9253518983028
317.033437500001 21.2994152581965
318.399960937501 20.6667499412351
319.766484375001 20.0280384730844
321.133007812501 19.3840069675203
322.499531250001 18.7354259055695
323.866054687501 18.0831107228789
325.232578125001 17.4279221807555
326.599101562501 16.7707664957473
327.965625000001 16.1125952023434
329.332148437501 15.4544047234079
330.698671875001 14.797235623371
332.065195312501 14.1421715200302
333.431718750001 13.4903376321143
334.798242187501 12.8428989415609
336.164765625001 12.2010579518048
337.531289062501 11.5660520262861
338.897812500001 10.939150294884
340.264335937501 10.3216501200764
341.630859375001 9.71487311930124
342.997382812501 9.12016074523377
344.363906250001 8.5388694314601
345.730429687501 7.97236531725181
347.096953125001 7.42201857176277
348.463476562501 6.88919734487468
349.830000000001 6.37526137899834
