21.864375 10.7564082845799
23.2308984375 11.0671830230716
24.597421875 11.3922082506148
25.9639453125001 11.7307692675446
27.3304687500001 12.0821345027781
28.6969921875001 12.4455585307208
30.0635156250001 12.8202850365575
31.4300390625001 13.2055497109316
32.7965625000001 13.6005830567215
34.1630859375001 14.0046130924357
35.5296093750001 14.4168679386294
36.8961328125001 14.8365782756641
38.2626562500001 15.26297966305
39.6291796875001 15.6953147125162
40.9957031250001 16.132835108797
42.3622265625001 16.5748034739056
43.7287500000001 17.0204950723509
45.0952734375001 17.4691993563346
46.4617968750001 17.9202213514275
47.8283203125001 18.372882884557
49.1948437500001 18.8265236573372
50.5613671875001 19.280502168833
51.9278906250001 19.7341964927754
53.2944140625001 20.187004915029
54.6609375000001 20.6383464377673
56.0274609375001 21.0876611573387
57.3939843750001 21.5344105232089
58.7605078125001 21.9780774856581
60.1270312500001 22.418166540101
61.4935546875001 22.8542036759856
62.8600781250001 23.2857362382372
64.2266015625001 23.7123327091418
65.5931250000001 24.1335824184263
66.9596484375001 24.549095189101
68.3261718750001 24.9585009263846
69.6926953125001 25.3614491567509
71.0592187500001 25.757608523822
72.4257421875001 26.1466662474923
73.7922656250001 26.5283275523113
75.1587890625001 26.9023150707833
76.5253125000002 27.2683682268682
77.8918359375002 27.626242604588
79.2583593750001 27.9757093062723
80.6248828125001 28.3165543046049
81.9914062500002 28.6485777922785
83.3579296875002 28.9715935327126
84.7244531250002 29.2854282149626
86.0909765625002 29.5899208156256
87.4575000000002 29.884921970251
88.8240234375002 30.1702933564781
90.1905468750002 30.4459070908618
91.5570703125002 30.7116451410956
92.9235937500002 30.9673987551182
94.2901171875002 31.2130679083779
95.6566406250002 31.4485607703348
97.0231640625002 31.6737931911122
98.3896875000002 31.888688209045
99.7562109375002 32.0931755797354
101.122734375 32.2871913270996
102.4892578125 32.4706773167776
103.85578125 32.6435808521805
105.2223046875 32.8058542933671
106.588828125 32.957454698868
107.9553515625 33.0983434905151
109.321875 33.2284861412833
110.6883984375 33.3478518861126
112.054921875 33.4564134556436
113.4214453125 33.5541468327792
114.78796875 33.6410310319644
116.1544921875 33.7170479010701
117.521015625 33.7821819457606
118.8875390625 33.8364201762245
120.2540625 33.8797519761557
121.6205859375 33.9121689938813
122.987109375 33.9336650555416
124.3536328125 33.9442361002491
125.72015625 33.943880137164
127.0866796875 33.9325972244487
128.453203125 33.9103894700801
129.8197265625 33.8772610545194
131.18625 33.8332182752628
132.5527734375 33.7782696133116
133.919296875 33.7124258216237
135.2858203125 33.6357000356226
136.65234375 33.5481079058571
138.0188671875 33.4496677529158
139.385390625 33.3404007447108
140.7519140625 33.220331096249
142.1184375 33.089486292011
143.4849609375 32.9478973310514
144.851484375 32.7955989949256
146.2180078125 32.6326301385295
147.58453125 32.4590340039144
148.9510546875 32.2748585571074
150.317578125 32.0801568479251
151.6841015625 31.8749873927181
153.050625 31.6594145799224
154.4171484375 31.4335090982184
155.783671875 31.1973483870171
157.1501953125 30.9510171088901
158.51671875 30.694607643453
159.8832421875 30.4282206020786
161.249765625 30.1519653626808
162.6162890625 29.8659606236451
163.9828125 29.5703349758111
165.3493359375 29.2652274912145
166.715859375 28.9507883270904
